[gd_scene load_steps=8 format=3 uid="uid://ctm056e6rvgwt"]

[ext_resource type="Script" path="res://CharacterBody3D.gd" id="1_o5e5f"]

[sub_resource type="PlaneMesh" id="PlaneMesh_ntwrs"]

[sub_resource type="ConcavePolygonShape3D" id="ConcavePolygonShape3D_jsloc"]
data = PackedVector3Array(1, 0, 1, -1, 0, 1, 1, 0, -1, -1, 0, 1, -1, 0, -1, 1, 0, -1)

[sub_resource type="PhysicsMaterial" id="PhysicsMaterial_5ihix"]

[sub_resource type="PrismMesh" id="PrismMesh_s13ew"]

[sub_resource type="BoxShape3D" id="BoxShape3D_dd2fx"]

[sub_resource type="CapsuleShape3D" id="CapsuleShape3D_ct0v5"]

[node name="Node3D" type="Node3D"]

[node name="MeshInstance3D" type="MeshInstance3D" parent="."]
transform = Transform3D(5, 0, 0, 0, 5, 0, 0, 0, 5, 0, 0, -0.0290383)
mesh = SubResource("PlaneMesh_ntwrs")

[node name="StaticBody3D" type="StaticBody3D" parent="MeshInstance3D"]

[node name="CollisionShape3D" type="CollisionShape3D" parent="MeshInstance3D/StaticBody3D"]
shape = SubResource("ConcavePolygonShape3D_jsloc")

[node name="OmniLight3D" type="OmniLight3D" parent="."]
transform = Transform3D(1, 0, 0, 0, 1, 0, 0, 0, 1, 0, 2.0087, 0)
light_color = Color(1, 1, 0.752941, 1)

[node name="RigidBody3D" type="RigidBody3D" parent="."]
transform = Transform3D(-0.807609, 0.589718, 0, -0.589718, -0.807609, 0, 0, 0, 1, 0, 2, -2)
physics_material_override = SubResource("PhysicsMaterial_5ihix")

[node name="MeshInstance3D2" type="MeshInstance3D" parent="RigidBody3D"]
transform = Transform3D(0.612273, 0, -0.790647, 0, 1, 0, 0.790647, 0, 0.612273, 0, 0, 0)
mesh = SubResource("PrismMesh_s13ew")
skeleton = NodePath("../..")

[node name="CollisionShape3D" type="CollisionShape3D" parent="RigidBody3D"]
transform = Transform3D(0.612273, 0, -0.790647, 0, 1, 0, 0.790647, 0, 0.612273, 0, 0, 0)
shape = SubResource("BoxShape3D_dd2fx")

[node name="RigidBody3D2" type="RigidBody3D" parent="."]
transform = Transform3D(-0.807609, 0.589718, 0, -0.589718, -0.807609, 0, 0, 0, 1, 0, 4.83994, 0)
physics_material_override = SubResource("PhysicsMaterial_5ihix")

[node name="OmniLight3D" type="OmniLight3D" parent="RigidBody3D2"]
transform = Transform3D(1, 0, 0, 0, 1, 0, 0, 0, 1, -11.5066, -13.7493, 0)
light_color = Color(1, 0.254902, 0.752941, 1)

[node name="CharacterBody3D" type="CharacterBody3D" parent="."]
transform = Transform3D(1, 0, 0, 0, 1, 0, 0, 0, 1, -956.426, 168.619, 259.005)
script = ExtResource("1_o5e5f")

[node name="CollisionShape3D" type="CollisionShape3D" parent="CharacterBody3D"]
shape = SubResource("CapsuleShape3D_ct0v5")

[node name="Camera3D" type="Camera3D" parent="CharacterBody3D"]
transform = Transform3D(1, 0, 0, 0, 1, 0, 0, 0, 1, 0, 0.911145, 0)

[node name="SpotLight3D" type="SpotLight3D" parent="CharacterBody3D"]
transform = Transform3D(1, 0, 0, 0, 0.966291, -0.257453, 0, 0.257453, 0.966291, 0, 0, 0)
light_color = Color(1, 0.627451, 0.494118, 1)
light_energy = 3.0
spot_range = 7.0
